$ANSIBLE_VAULT;1.1;AES256
64633135343232306565306463343738646666336236323662303736393533616433306463626162
3463333764373134373137613936613037316666653338610a663363316164646465366238643435
30616237343465373334643238633133653433343734663636366266393430343039363532653832
6435396438316530360a623864343634656535653731613862386539366330633763613732623139
63316537663965326461346438666230313063636564306664653033306362623363393438303830
64646439633361333836396562393237633738623130393461386639366162396638326537636266
39373066313233653238663233386665323064633838353565663463373365656235303438623133
65313139303864336336396433376432613433373135636630653936383163333733383535323336
33616164633964386535663462613639633262623837386638363361363339393838323839346134
37393531376331306534316236363731626235663039303334653266346636623330323830336534
33356562316561396334373764666230663431343165306336653737626436383430666236323663
62353932303564306335323362393865663235346330653836623930303964396335353137616432
64326365613364643962303132613932643032396630303430623232346330383066623833333566
66366162346230656562666563663866356436653133313862343233666434613865363839396465
63613935626337386433376466306632323263333338636266653336366534333237653738323537
63383138393866323264306339626562386363663063343533306239643764656638653637396337
34373161376664356666626237343861313765303535306666386235363164313037373936656564
34363537636361326234623234333737666661333032383935613963316639383731363630363963
65366565383032623063636138396163373562663464353165336333323430333735396135303963
65643934363462613937636437636630303735333434333630336230653461393064666663636263
63643439353830353036613037643865636664363136303766663766396137376239383664633963
36303637666530363437396637383762323736363039373639306130323866303061353865363638
31363232353437396261653131356631333731303965633065666162646336376136646530323065
63626561663661363962316337633462303561613530373066663363346164313765386433343962
64316166633033323362333038353538393864393535663566383232343533343762363865313762
37626331656331633635653661646235353237356562356665666334363165383233326130616532
66396665376366623539663336393466393338393861656461393162613837646632313862656565
31643833396561323562656633663433636430383536326634333632376234653864356465306164
30343638646262623161316662646438666237643562643363356533316539633066656665356561
65373366656461396339373563343162363534323330666135663835646232343037663161623563
65333338363138626637346635663539336334313931336331343137336565393765306534653832
35613366393864373065636165653534353462386239363165626133353439386439373739633739
35363339633438656565653937383333643665343666363235376363363632666234646262323765
65373531363136663031323231303938383763623166653434323838616132653866643032643737
62636466336238316161353939623038353139383561623735663034656535633235326139656262
66303663353264363532376333336665313934303931643733613163396636353163353238356136
62393734386534643865303739313961353230346234353239623532613936323063346635393564
38336566653536393562386338343238356266623130303332323134663763656535623366393731
36303561386663643839326465636135333738363033623866643735653365656530656539616339
39663335373032326565383737336438376535376530353737326265633438303463623730613839
37393936613530323562393937313338343162333864373435306335346635363336376532383535
39666530353438383132393265636538353335616163373463363731623634333334323765313235
66303763323861316533646538663334343930383536363761323634653436383031656334613365
38366565373163303139313864336236396462656633383965396233306435626639383036636364
63396636356537336435383033313163626164386436646530656339306531383635313261373164
65356161656366353235336432353632386233623930383336363164333132316438656231306135
65363533663533316633343136316465616431353064313861353732643636393065313232616439
38316162663631613562343961333764383032306431313766303533663330636332383662383463
63653563376233393138653763616364336137623434633030366361626563336432323230386662
38393437313034323432333637343830313637313362383066653561326336636366653566333231
63303834356631613837643837386438643863333438313537323134653735313466393036363137
38643862646164633535666263626332623464343866626563343563313734356132666362306463
32393137643632613936303466613732376439353664313739623731313636636231343662633930
62646461386332623230666637343161333362363538346530333537393234306533393637663466
30393930343033366661623361343330363566333365613238316165346431626432326531636539
32326336656430636433666434633862356161626434663939386630383364353066373866373733
33393135303639333263633138303333653733623731386263346132363434393331336265653464
36663530653163643861393437353662396361656339643165633865386263643766616465366333
39636134653363623934626366616237646431333130326661373839626265636536393261633961
61323361363930393835333236643362346432373861353332363866643662633639393165366565
32383634633366386463643339313739343636346533623539633463643639646238353239636461
37376363663665633732326430643235656630343632663335653239343763353665636234623334
61323333383761396435333562323132383539653437313231306561333634306439376231336333
32613237653063313539306231616438373438346337613339373030393266333763366139636366
35343837653837643361333765343231323731636530353835376233613639626564333131363439
36333737336330626537646666323539623933326565643932306139666435653039353037316666
64666337646163333131343034393566633132353962613631323061356333396338633439333435
39353536613539343465353038313439313561323932613336346165613963633934393731623663
31616464656465336566383062323935313465643661663164336566356262643334663331346335
35306362663662353336356634633461663164376466353038363863656263653036613163383639
31353338363639346530366434323937323261373630373834633433653162633236343861653034
39326563643563396365356566386364366134646637643863396430353239303038393132396232
31333938643761313934643730326131383761653935396566306234336330303234386438613135
63646330373062646364383536396533333831356539303062326664386163306366373462383134
31373461663834376362333935383435623766366638643065386139306265306635316166663135
63366632366630396238313939303265343636643161356636646535643765346665303565383062
65613737633232666238616634663236316266306130636562313963666331643762316134623535
38343763313235646565633033313665666563353236366166353161343064613565353164623836
30643238396236343238383362643334666635393639323632303230303834663961646464666266
65366334616331666264373266663461323337393664663738303633363130633739623732626264
34313630373137383732363036643562346365343062333732363666373565306366643332626531
65663765653061613564623037626237353430643132333531353534333266633738393262346532
38333433633232326335363935326332666637393739633465386536326562303638663436383833
65343139626632356234633436313364373564613838633338376362386639336261656533393332
34653966663766323263363261646239303231393439663961626164333766316636656133633732
31643330366364626333663335656434626331363065373631376430326139626333313730373039
37383938373334383430643239353761383630323264656366363437663362396565656634353830
32623562363734306266393734303564396139613834313763663830653534616633343965396239
37383631303936643563313433653932663533343462336566623230653734643639323762323861
31303265323735656464633437366531356561643234353364386265643861626631343963383966
32313432626662373037356132313531323736333136333563356230616335316533393333356364
65626665393861323930626464653932643736663164386434623437363630323639613833363738
30656661333233663035396462343531323436616661383839623337373239336363613266326663
30373932316637383932616164303735623136303763353930666533313337653638656133326338
62323439353463643464656666326464313335373065343864613735323536383963643838626464
33383761316134393336396363616135613830306633363466333462303836636135383464363961
64346334343733623538383232616534363932613762393765303231366365616438316638333765
31353332376666653866613464393962316564623639333161663439633330346432393238313963
63353130333534623434393938333536646136353738333062386664373733633764366137306366
36653839663966623734343139376164336635626162303638613134363735663866666333376231
62356533373361326531363865613432353065303165663436663838633139373831666337313037
65326233636537326364393531343739343137616234393631353534366361646133356339666636
63393130373036366264383161373538376462303639396563646464396132363161323064393961
63373733353666363730346435313865343966316135663935306565386461313737363834623162
36633033623239633933386133306263366563633463653365383035666632636233633837616564
65643632303636326639626232313638303431383263323336373436643033373936393762373130
31336531353265333434626131323037646331336233343563653636333134636663303162623934
63313336643536336630313266623865396438313630623136363066303264626431383864386664
35646564396631333338626530346636323736623861313531306439353232383464613362626431
66323264393562386230373033623563313136643964633633386563656237303538366664366237
62613363316263663461376631663831623434326363303036613635623565623266653532646239
31656439323739663436343638336430353233633138616466303964363766333465303332313162
35386334393636666666646135316338346633363637316439353530623030346130633934623533
33363139393838623563616134366435393633376265376465323663633534666437336135616261
34343734386631383439333139343963306131666662383136343135393437313137646232373630
30373835373333646234323661313239616236303632656465393336326533393330633035616436
63303937366335363337363464373736363330373538356265633864316135373735366630343032
64303965613264633932376261393539346435373038336265626138346335346237353335373935
32346162316631353338336464346164386664366563326430626435313633353465623061663563
61336436343236626332616466343438333131396135356533303266323864376332383461613430
65343736396434326262656564333636316339386236373638343836643264396637393035633361
61623934613764633965356532373338653363333836343932316365623133306332653835383631
32633666316433333263623233306235636437386363393433306434363835336164303330323161
61643930383466316534353765373635653262373131616261633131373330343230386232623762
36343264633333376637396161393337343235656531613964616536366661653462373534623834
63613363663336303739613134366232326462363462373537323262383564376636373965623961
62666661313066333033643263623465303161353661343766633731356531646162373133376463
37636539643061316430396333313937633932623136336531313234373132366337633066636431
62363033386263323634376130346339346432636162396333636538616263333737346334613238
65376633326661616161343763636264363034323864636234393634353130313234363036343538
62663466636138666465376331343363393738333335393536333731373664666331303834653066
39356236353131313566303231633966666331323264376362383737353137616361333561656361
65343364336430346131326234303163313530313766363433306364613962363966396338346662
66663466336666316365353731613235343739373666643764333533303831633438373438363265
35643930616530323563353130613361633865663832653762326634343839336331633732646534
64646637323535623336383964613736653931613135303137653235313161636336663937666238
63376638643235623662376436623230363965623332383865313361396165653263353535383238
39343563323166666637303538653666663430396331653064376366396461373262386666393964
38666437656432393962363030393331653330343066373164653735313934373036663132666237
34323661653533666330366630343036333161633466636634376462396165323631393835663437
64336235653061303333636466393962323530323832333935316535623864326235346233643366
35383238613433336436623164333236326534653364373362346638646166636631313435383236
33373066333466393165656232643132623264663162646432373538386439646430616465633365
31336165303138353166343363303962623634653936316366383837393334306661653137643532
65353737626266316639306564613566346133316663623131306261383930373166653031303366
62306461393761616466613533383734623166663639353538376232363639646365616263363333
30346537383739306462393139653430303531633937646163353365353832366361653738626166
66653638636162346234373065353930623664326639366462353034653533666365306439323333
35303532666339396235376466366263623930653361303633646237376466356262633533303335
63643839393163303934336333306330616332636230623630326464343862343764316166613833
34663332643931326564623761373139663030626130653238613932383263343830323034303566
66653239636130346633643766343331336434353265653838636134323237346666343239393165
62633936313536346335656333373531323063653039306362643538653533653364373135323561
64333264303533333737636534306634356134333364313236313565383430336536363432323965
32656639333131623463363836616537343232646561363934346134633663376163353536396365
31373530313163386332396137613563626431326237613266386539336265353763386661383965
33333461633332376534353434333630343662613830396134353465636432383366626530393862
66316236653065346364326633396364653866643932663434343232303834376564376637323463
64383666396261616164643835393235323231643334323631326632663761383431376361316433
33333837653537383239653932663938393531643561383938353262383761616433663166633566
63666264616463633061313763326266383138663333633733383964373539643830616234306135
63363938643839313438363834373938303330646365623530613466366132643734663931323634
64326534643265313965633335653638303439386435343164333834663735646161616161313435
65333231353563356464323738353238633166393331326131353231336264363965613338393839
62323130303862363763616665623035313339303138663639333763306664393530333732376234
36353863666363393962386637313439623836613730633762356639343966366461323837363239
35393438393562393466613230616438613832386232303164313962343062396632653662393735
35323535343539636361383836613864333130396466663062336266386532343863666130666532
32646463303562343034646534323135663334383662353432363235313439353161383761363034
62383538626239643563616536336261303632343964303665316233376163653663303066376630
64326539373835376535613836303232356464383233396166633134363532656137663663336362
65643362656461623432363630636361663131616633393932343534313038366566356339653833
63663333303065316535336237373035633538663933616662616463653234663662
